1582
3468
3583
3979
6322
6859
6921
8692
9110
9741
10783
14998
16715
17037
17140
17627
18706
21499
22137
22669
22767
23213
26137
26334
27815
27947
28473
29337
31611
31844
33672
33739
36249
37736
37961
38313
39570
40043
40872
41902
42249
42322
45161
46377
46489
46875
47339
48187
48682
50144
54153
56116
56217
56489
58553
59300
59746
60425
61156
61195
62895
64037
65790
67261
67590
67629
69009
70733
71240
71626
71842
71896
73103
73261
74570
76540
77073
79372
81998
83853
85337
85403
86040
86172
89310
91306
92125
92538
92600
95209
95484
96454
96842
97387
97612
97675
98273
100301
100981
101208
103002
103341
103944
105199
105897
105982
106570
107468
108047
111529
112727
113707
114044
115179
115247
116128
118239
118842
121957
123390
123469
123976
128111
128396
129544
130085
130221
131663
132545
133003
133693
134293
135260
135767
136107
137579
138347
139213
139449
140009
141186
143127
143375
143760
144325
146313
146479
147336
148428
148533
149031
149483
149576
150188
159576
159802
161198
163298
163352
163720
163942
164151
164778
166355
168121
168632
169020
169518
170711
171530
172015
172023
175404
177538
177740
179679
179693
180901
180973
181067
181528
183260
183323
185928
186323
187516
188010
188973
190025
190479
190569
191912
192662
193421
194569
195214
195338
196684
196808
198077
203436
203647
205132
205639
206641
206957
207558
207889
208396
208783
209177
210735
210757
212141
212324
213068
213182
213286
214451
214659
218265
221519
222026
222180
222987
223338
224201
224957
228377
229035
229707
230907
231161
232279
232313
232585
233035
234441
234827
235193
238276
238585
239648
240123
240713
245401
246825
247126
248388
248538
248928
251259
252248
252825
253641
254313
256384
258835
261165
264363
264630
265951
266074
266427
268287
269134
269494
269871
270989
271087
272050
272669
273176
274206
278066
279438
280436
280461
280560
281406
282002
282210
284331
285444
285609
288271
288363
288991
289945
290994
293199
295561
295659
296779
298823
300516
300555
300601
300809
300873
303684
303993
304555
304747
304809
305978
306121
306258
306619
307608
307659
308107
308130
309722
309808
311541
312619
314297
315497
315671
316527
316921
319049
319257
320994
322939
323165
323193
323514
324243
325605
326239
327656
333135
334361
334856
336920
340096
343404
344029
344405
345328
347075
347470
348663
352010
352600
361648
372809
380448
380921
384688
385406
389350
389663
391025
391647
394508
394780
400100
406887
408778
411374
411877
417680
417823
422267
423415
425643
428158
429620
433385
435732
436600
439385
439984
452727
454802
455227
455886
456807
458267
462557
463136
464477
465059
465302
470066
473581
476691
482015
483320
485626
487510
488505
492634
497560
499545
503512
504127
505562
506587
507039
508446
520290
520813
522171
522527
523164
523298
523381
523586
524610
524645
525069
526306
528765
533802
534432
540251
540494
541179
541371
544632
559738
560286
561596
562794
563621
564126
565274
566237
567300
568378
569554
571705
573289
573496
574233
577931
584693
584743
585200
589723
590018
590315
591735
595829
595933
598621
601352
601772
602946
603218
603577
604397
607404
611602
622043
622968
623231
630376
631419
632080
636830
637272
638941
639333
644585
649460
651026
652767
654838
656319
656712
657973
662992
663534
664291
665161
670071
673530
673577
675440
675534
677067
677518
678265
678746
683978
685289
687160
694186
696109
696116
703929
706179
707634
710416
711004
714258
715664
716004
716511
716836
716849
716934
718908
720990
721114
722642
723965
725504
728276
728603
729810
730298
731097
731877
733632
735134
735746
736825
737247
738396
738422
739229
743630
744294
744503
745311
747321
748135
752229
752393
753759
756447
761708
764125
768103
768138
768227
768865
773200
776658
776799
778215
778811
781334
781861
782490
782978
784905
788490
789243
790142
791106
791386
792795
792978
793241
793432
795295
795926
797493
799656
803397
803449
803617
803770
804273
806953
807666
809416
810587
811233
819384
820025
821607
821630
821731
822392
825657
826136
827614
829533
833511
833626
834149
834273
839766
840122
841758
844149
844687
845697
846402
848240
848308
848338
853486
853979
856041
858719
860160
860318
860450
860722
862212
864633
866799
866923
871600
872924
875190
877321
878052
878163
879853
879965
882133
883069
883526
883769
884619
885019
885066
886683
888482
890274
892480
893049
893113
894150
897496
897926
898779
899611
900116
902906
906808
909819
911455
912059
916124
920142
921334
921679
923323
923696
924729
925394
925623
925726
926297
926507
928832
930487
931329
934429
934877
935872
938234
938741
938796
940860
941566
942484
943558
943584
945150
945422
946792
948555
949239
950917
951622
953115
953514
953514
954615
955558
955998
962455
962792
963846
963999
964358
965019
965291
966905
967355
968676
968858
969365
969994
973029
973110
973311
973982
976194
978302
979833
980319
981714
982169
983191
983281
983392
984116
987380
987808
988928
989638
989829
990178
990302
990678
992620
992866
994811
996009
996653
997643
1000103
1003984
1005671
1007750
1007763
1007908
1007921
1008341
1009920
1010036
1011862
1011952
1013973
1014130
1014217
1014401
1014452
1014567
1015938
1016037
1017180
1018500
1020628
1020778
1022433
1023129
1026242
1026400
1036329
1040266
1040723
1041045
1042919
1044686
1045337
