3979
6322
9110
16715
18706
22669
22767
31611
31844
37736
38313
39570
41902
42322
46377
46489
56116
56489
59746
60425
67261
69009
73261
74570
76540
79372
86172
97675
101208
103341
105199
112727
130085
131663
137579
141186
143127
143760
149031
166355
168121
169518
170711
171530
172023
180973
181528
183323
188010
188973
195214
207558
208783
212141
223338
224201
229035
234827
240123
248538
251259
258835
265951
268287
269494
272050
274206
280436
280461
284331
288271
298823
303684
304555
304809
306121
308107
315671
322939
323193
343404
348663
394508
417680
417823
458267
465059
497560
503512
520290
522171
528765
534432
540494
541371
573289
573496
577931
584743
590315
601772
603577
622043
623231
638941
639333
644585
651026
652767
662992
675440
677518
678265
683978
703929
710416
716849
718908
725504
733632
739229
768103
768227
768865
773200
776658
776799
778215
781334
788490
791106
803397
803617
803770
822392
841758
848240
856041
858719
860450
864633
879965
883069
885019
885066
886683
897926
898779
899611
909819
916124
921679
930487
931329
934429
938796
943584
945150
951622
953514
963999
965291
968676
981714
983191
984116
989638
989829
990178
990302
1000103
1009920
1010036
1014401
1014567
1017180
1020628
1023129
1026400
1036329
