1582
3468
3583
3979
6322
6859
6921
8692
9110
9741
10783
14998
16715
17037
17140
17627
18706
21499
22137
22669
22767
23213
26137
26334
27815
27947
28473
29337
31611
31844
33672
33739
36249
37736
37961
38313
39570
40043
40872
41902
42249
42322
45161
46377
46489
46875
47339
48187
48682
50144
54153
56116
56217
56489
58553
59300
59746
60425
61156
61195
62895
64037
65790
67261
67590
67629
69009
70733
71240
71626
71842
71896
73103
73261
74570
76540
77073
79372
81998
83125
83853
85337
85403
86040
86172
89310
91306
92125
92538
92600
95209
95484
96454
96842
97387
97612
97675
98273
100301
100981
101208
103002
103341
103944
105199
105897
105982
106570
107468
108047
111529
112727
113707
114044
115179
115247
116128
116172
118239
118842
121957
123390
123469
123976
128111
128396
129544
130085
130221
131663
132545
133003
133693
134293
135260
135767
136107
137579
138347
139213
139449
140009
141186
143127
143375
143760
144325
146313
146479
147336
148428
148533
149031
149483
149576
150188
159576
159802
161198
163298
163352
163720
163942
164151
164778
166355
168121
168632
169020
169518
170711
171530
172015
172023
175404
177538
177740
179679
179693
180901
180973
181067
181528
183260
183323
185928
186323
187516
188010
188973
190025
190479
190569
191912
192662
193421
194569
195214
195338
196684
196808
198077
199897
203436
203647
205132
205639
206641
206957
207558
207889
208396
208783
209177
210735
210757
212141
212324
213068
213182
213286
214451
214659
218265
221519
222026
222180
222987
223338
224201
224957
228377
229035
229707
230907
231161
232279
232313
232585
233035
234441
234827
235193
238276
238585
239648
240123
240713
245401
246825
247126
247577
248388
248538
248928
251259
252248
252825
253641
254313
256384
258835
261165
264363
264630
265951
266074
266427
268287
269134
269494
269871
270989
271087
272050
272669
273176
274206
278066
279438
280436
280461
280560
281406
282002
282210
284331
285444
285609
288271
288363
288991
289945
290994
293199
295561
295659
296779
298823
300516
300555
300601
300809
300873
303684
303993
304555
304747
304809
305978
306121
306258
306619
307608
307659
308107
308130
309722
309808
311541
312619
315497
315671
316527
316921
319049
319257
322939
323165
323193
323514
324243
325605
326239
327656
333135
334361
334856
336920
340096
343404
344029
344405
345328
347075
347470
348663
352010
352600
361648
372809
380448
380921
384688
385406
389350
389663
391025
391647
394508
394780
400100
406887
408778
411374
411877
417680
417823
422267
423415
425643
428158
429620
433385
435732
436600
439385
439984
452727
454802
455227
455886
456807
458267
462557
463136
464477
465059
465302
470066
473581
476691
482015
483320
485626
487510
488505
492634
497560
499545
503512
504127
505562
506587
507039
508446
520290
520813
522171
522527
523164
523298
523381
523586
