524610
524645
525069
526306
528765
533802
534432
540251
540494
541179
541371
544632
559738
560286
561596
562794
563621
564126
565274
566237
567300
568378
569554
571705
573289
573496
574233
577931
584693
584743
585200
589723
590018
590315
591735
595829
595933
598621
601352
601772
602946
603218
603577
604397
607404
611602
622043
622968
623231
630376
631419
632080
636830
637272
638941
639333
644585
649460
651026
652767
654838
656319
656712
657973
662992
663534
664291
665161
670071
673530
673577
675440
675534
677067
677518
678265
678746
683978
685289
687160
694186
696109
696116
703929
706179
707634
710416
711004
714258
715664
716004
716511
716836
716849
716934
718908
720990
721114
722642
723965
725504
728276
728603
729810
730298
731097
731877
733632
735134
735746
736825
737247
738396
738422
739229
743630
744294
744503
745311
747321
748135
752229
752393
753759
756447
761708
764125
768103
768138
768227
768865
773200
776658
776799
778215
778811
781334
781861
782490
782978
784905
788490
789243
790142
791106
791386
792795
793241
793432
795295
795926
797493
799656
800927
803397
803449
803617
803770
804273
806953
807666
809416
810587
811233
818763
819384
820025
821607
821630
821731
822392
825657
826136
827614
829533
833511
833626
834149
834273
839766
840122
841758
844149
844687
845697
846402
848240
848308
848338
853486
853979
856041
858719
860160
860318
860450
860722
862212
864633
866799
866923
871600
872924
875190
877321
878052
878163
879853
879965
882133
883069
883526
883769
884619
885019
885066
886683
888482
890274
892480
893049
893113
894150
897496
897926
898779
899611
900116
902906
906808
909819
911455
912059
916124
920142
921334
921679
923323
923696
924729
925394
925623
925726
926297
926507
928832
930487
931329
934429
934877
935872
938234
938741
938796
940860
941566
942484
943558
943584
945150
945422
946792
948555
949239
950917
951622
953115
953514
954615
955558
955998
962455
962792
963846
963999
964358
965019
965291
966905
967355
968676
968858
969365
969994
973029
973110
973311
973982
976194
978302
979833
980319
981714
982169
983191
983281
983392
984116
987380
987808
988928
989638
989829
990178
990302
990678
992620
992866
994811
996009
996653
997643
1000103
1003984
1005671
1007750
1007763
1007908
1007921
1008341
1009920
1010036
1011862
1011952
1013973
1014130
1014217
1014401
1014452
1014567
1015938
1016037
1017180
1018500
1020628
1020778
1022433
1023129
1026242
1026400
1036329
1040266
1040723
1041045
1044686
1045337
