528765
534432
540494
541179
541371
573289
573496
577931
584743
590315
601772
603577
622043
623231
631419
638941
639333
644585
651026
652767
662992
675440
677518
678265
683978
703929
710416
716849
718908
725504
733632
739229
768103
768227
768865
773200
776658
776799
778215
781334
788490
791106
803397
803617
803770
822392
841758
848240
856041
858719
860450
864633
879965
883069
885019
885066
886683
897926
898779
899611
909819
916124
921679
930487
931329
934429
938796
943584
951622
953514
963999
965291
968676
973982
981714
983191
984116
989638
989829
990178
990302
1000103
1009920
1010036
1014401
1017180
1020628
1023129
1026400
1036329
