3979
6322
16715
18706
22669
22767
31611
31844
37736
38313
39570
41902
42322
46377
46489
56116
56489
59746
60425
67261
69009
73261
74570
76540
79372
86172
97675
101208
103341
105199
112727
130085
131663
137579
141186
143127
143760
149031
166355
168121
169518
170711
171530
172023
180973
181528
183323
188010
188973
195214
207558
208783
212141
223338
224201
229035
234827
240123
258835
265951
268287
269494
272050
274206
280436
280461
284331
288271
298823
303684
304555
304809
306121
308107
315671
322939
323193
343404
348663
391647
394508
417680
417823
436600
458267
465059
497560
503512
520290
